lastAccountName: Zuygui_
timestamps:
  login: 1618483076717
  logout: 1618483093306
ipAddress: 78.211.168.186
logoutlocation:
  world: world
  x: 18.692430415582013
  y: 65.0
  z: 2.874995672434295
  yaw: -2.7000268
  pitch: 12.000002
