lastAccountName: _KokOo_
timestamps:
  login: 1618483642346
  logout: 1618483663438
ipAddress: 91.179.188.19
lastlocation:
  world: world
  x: 17.95732685564123
  y: 14.0
  z: -8.05811921580743
  yaw: -191.35419
  pitch: 6.144399
logoutlocation:
  world: world
  x: 12.28727172891922
  y: 6.0
  z: -88.00427183992814
  yaw: 71.205246
  pitch: 12.699252
