lastAccountName: Mitricum_
timestamps:
  login: 1618395950569
  logout: 1618395964293
ipAddress: 90.46.93.49
logoutlocation:
  world: world
  x: 16.572052831303232
  y: 22.868561948128782
  z: -62.83383874895302
  yaw: 174.18124
  pitch: 35.54999
