lastAccountName: Mitricum_
timestamps:
  login: 1618512870573
  logout: 1618514218749
ipAddress: 90.46.93.49
logoutlocation:
  world: world
  x: 18.142895754926045
  y: 16.0
  z: 0.19746081263165213
  yaw: -278.1
  pitch: 86.69997
lastlocation:
  world: world
  x: 15.5
  y: 16.100000381469727
  z: 0.5
  yaw: 0.0
  pitch: 0.0
