lastAccountName: Nicolabcraft
timestamps:
  login: 1618514279395
  logout: 1618514349742
  lastteleport: 1618513972399
ipAddress: 192.168.0.254
logoutlocation:
  world: world
  x: 58.89424972915172
  y: 14.493907480229485
  z: -145.73114450884708
  yaw: 13.949936
  pitch: 25.050035
lastlocation:
  world: world
  x: 15.5
  y: 16.100000381469727
  z: 0.5
  yaw: 0.0
  pitch: 0.0
