world: world
x: 15.6810606702134
y: 16.0
z: 0.1396984279761896
yaw: -182.553
pitch: 29.24996
name: spawn
lastowner: 2ea3991f-0855-37dd-9a9c-2e3dc4aa1cb7
