lastAccountName: Zuygui_
timestamps:
  login: 1618423423654
  logout: 1618423438137
ipAddress: 78.211.168.186
logoutlocation:
  world: world
  x: 19.097837863784505
  y: 65.0
  z: -1.0933730145420741
  yaw: 237.15
  pitch: 36.29998
