lastAccountName: _KokOo_
timestamps:
  login: 1618482859816
  logout: 1618482880022
ipAddress: 91.179.188.19
lastlocation:
  world: world
  x: 28.74199960506775
  y: 14.0
  z: 0.5910201521773509
  yaw: 140.85742
  pitch: 11.439463
logoutlocation:
  world: world
  x: 173.25989797233026
  y: 77.0
  z: 246.9764672292577
  yaw: 96.11597
  pitch: 22.60261
