lastAccountName: Mitricum_
timestamps:
  login: 1618423990388
  logout: 1618425474859
ipAddress: 90.46.93.49
logoutlocation:
  world: world
  x: -31.732310545035816
  y: 7.0
  z: -143.58072262065036
  yaw: 311.2981
  pitch: 79.95005
lastlocation:
  world: world
  x: 6.963208708382464
  y: 14.0
  z: 7.169962427797657
  yaw: 22.946972
  pitch: 30.749977
