lastAccountName: sNeatX
timestamps:
  login: 1618425899617
  logout: 1618428944075
  lastteleport: 1618426246837
ipAddress: 92.184.105.58
logoutlocation:
  world: world
  x: 16.218109493947193
  y: 12.0
  z: -45.76580563266115
  yaw: -94.44409
  pitch: 58.34901
lastlocation:
  world: world
  x: 6.821442865883418
  y: 14.868598561411897
  z: -86.01976409553897
  yaw: -11.246033
  pitch: 8.399834
