lastAccountName: bonserveurnon
timestamps:
  login: 1618512744116
  logout: 1618512668047
ipAddress: 81.242.80.110
logoutlocation:
  world: world
  x: 229.70059778475863
  y: 63.0
  z: 382.44293912445085
  yaw: -5.5970964
  pitch: 31.342417
