lastAccountName: Mitricum_
timestamps:
  login: 1618512233704
  logout: 1618512751313
ipAddress: 90.46.93.49
logoutlocation:
  world: world
  x: 120.92912646032072
  y: 72.90828241120514
  z: 361.45291025763026
  yaw: 8.250005
  pitch: 7.199999
lastlocation:
  world: world
  x: 130.36138392315473
  y: 65.51948342505078
  z: 288.16909335031016
  yaw: -329.06787
  pitch: -3.2757845
