lastAccountName: Nicolabcraft
timestamps:
  login: 1618513316667
  logout: 1618513483903
ipAddress: 192.168.0.254
lastlocation:
  world: world
  x: -1.2802560741997289
  y: 0.20000004768371582
  z: -0.6999999880790712
  yaw: 307.95
  pitch: -90.0
logoutlocation:
  world: world
  x: 14.348650033018853
  y: 74.9375
  z: -273.1471822140388
  yaw: 306.30023
  pitch: 42.300003
