lastAccountName: sNeatX
timestamps:
  login: 1618514019137
  logout: 1618514043272
  lastteleport: 1618512701172
ipAddress: 90.63.28.107
lastlocation:
  world: world
  x: 309.8353524131192
  y: 108.70866113028336
  z: 547.1199616986445
  yaw: -141.34628
  pitch: 34.878998
logoutlocation:
  world: world
  x: -5.266601529169025
  y: 111.53292827534491
  z: 6.732978885395806
  yaw: -217.64655
  pitch: 32.099964
