lastAccountName: Zuygui
timestamps:
  login: 1618564689225
  logout: 1618567609312
  lastteleport: 1618484228535
ipAddress: 78.211.168.186
logoutlocation:
  world: world
  x: 17.494214791758946
  y: 112.25861503357245
  z: -2.8109678231063633
  yaw: -295.19922
  pitch: 54.00002
lastlocation:
  world: world
  x: 169.1183601895403
  y: 63.93612497923646
  z: 251.90427834347773
  yaw: 14.325562
  pitch: 13.184066
